$ANSIBLE_VAULT;1.1;AES256
66326238323263323632653133326466323966656366663161623237313334346237303332666264
3865393730623564626364656461336235333033346265630a613238613934336131306664666433
38376339646364373763383335646461633732326361303462316137653862333962633165343931
3137666137623262330a373532636539326637666361316533333364623266373033386162653666
33653336353935313462306432663332343936333637363838613164643162326162646235653064
35393630326131343631363333646464643330653838383131613961656561623538653532306261
35333164323230326431343333303634316639616664626166343262343038336230376538643461
31656132376133313133373139356637353139306263663431353762653238633533633737353262
64633930313732353563613566386132386530616431326665363264386366366263613237636237
38313038613637633964613933316331383635613433643666373736653833666530656163623365
64643239356333663232373365303164663234643133356335353931346362343832636565393864
66396338366333306465653135613334376461646632303663386338313130626162663433653936
64353163313831326636363732383964656465363739653633623164323838336537333934326166
61303766653531663533323438383135373964623230316362333334363763316461363361326335
63653938623962396362626133366436393530393364643661626636353035636639373839373863
30386366613237663566333136613863663935393833383233636239373337306439376164373564
31393531623734323336353637353133373962656462306335363432326133643766636530333239
38323036386165653966663536343065623764663564323165616565346530306263623732353335
65656666356639636233346631383338363365313166316631393632316438386561363466613266
61303539323335396663663235396436396533333732376138646265636562393933613466313239
32313936353733623438353064306464356266386138336431396438323337343138663231653431
34373031666264653866343763323538353638666438626565393037356338323031366432623666
65656338666134326665653431353630396162643462346538373562303766313730396437393135
64616339333735623930383565663238643534396630323261663032356130383862393837636137
36343532306132613966343361626662616564633634653634633336326534653335
